0,408
0,404
0,399
0,398
0,397
0,389
0,384
0,383
0,382
0,381
0,380
0,379
0,378
0,376
0,374
0,372
0,366
0,343
0,322
0,317
0,315
0,311
0,309
0,306
0,243
0,310
0,305
418,1
418,3
418,0
417,1
417,3
417,0
416,1
416,3
416,0
415,1
415,3
415,0
414,1
414,3
414,0
413,1
413,3
413,0
412,1
412,3
412,0
411,1
411,3
411,0
410,1
410,3
410,0
409,1
409,3
409,0
407,1
407,3
407,0
408,1
408,3
408,0
403,1
403,3
403,0
402,1
402,3
402,0
401,1
401,3
401,0
400,1
400,3
400,0
399,1
399,3
399,0
398,1
398,3
398,0
397,1
397,3
397,0
396,1
396,3
0,417
396,0
395,1
395,3
395,0
394,1
394,3
394,0
393,1
393,3
0,488
0,415
393,0
0,344
0,9
0,367
0,497
0,470
0,455
0,450
0,446
0,435
0,453
0,393
0,479
0,464
0,463
0,345
0,308
0,304
0,303
0,302
0,307
0,444
0,12
0,373
0,10
0,452
0,8
0,0
0,506
0,300
0,361
0,299
0,370
0,298
0,502
0,297
0,359
0,296
0,323
0,295
0,347
0,294
0,480
0,293
0,424
0,292
0,490
0,291
0,500
0,290
0,355
0,289
0,431
0,288
0,419
0,287
0,436
0,286
0,499
0,285
0,504
0,284
0,333
0,283
0,407
0,282
0,471
0,281
0,498
0,280
0,406
0,279
0,354
0,278
0,316
0,410
0,411
0,418
0,420
0,422
0,423
0,437
0,443
0,445
0,448
0,449
0,454
0,457
0,458
0,466
0,467
0,469
0,474
0,477
0,482
0,483
0,493
0,501
0,507
0,510
0,511
1,1
1,2
1,4
4,0
1,6
1,7
4,1
2,1
2,3
2,4
2,6
2,7
2,9
2,10
2,12
2,13
2,15
2,17
2,18
2,20
2,21
2,23
2,25
2,26
2,28
2,29
2,31
2,33
2,34
2,64
2,65
2,67
2,68
2,70
2,72
2,73
2,75
2,76
2,78
2,80
2,81
2,83
2,84
2,86
2,87
2,89
2,91
2,92
2,94
2,95
2,97
2,99
2,100
2,102
2,103
2,105
2,106
2,108
2,110
2,111
2,113
3,0
3,2
3,4
3,5
4,2
24,0
24,2
24,4
24,5
24,7
24,8
25,0
25,1
25,3
25,5
25,6
25,8
25,9
25,11
25,13
25,14
25,16
25,17
25,19
25,20
25,22
26,0
26,1
26,3
26,4
26,6
26,8
26,9
26,11
26,12
26,14
26,15
26,17
26,19
26,20
27,0
27,1
27,3
27,5
27,6
27,8
27,9
27,11
27,12
27,14
27,16
27,17
27,19
27,20
27,22
27,24
27,25
28,1
28,2
28,4
28,6
28,7
29,1
29,2
29,4
30,0
30,2
30,4
30,5
31,0
31,1
31,3
32,0
32,1
32,3
32,4
32,6
32,7
33,0
33,2
33,3
33,5
33,6
34,0
34,2
34,3
34,5
35,0
35,2
35,3
35,5
35,7
36,0
36,2
36,3
36,5
36,7
36,8
37,0
37,1
37,3
37,5
38,0
38,2
38,3
39,0
39,1
39,3
40,0
40,1
40,3
40,4
41,0
41,2
41,3
41,5
42,0
42,2
42,3
42,5
43,1
43,2
43,4
43,5
43,7
43,9
43,10
43,12
43,13
43,15
44,0
44,2
44,4
45,0
45,2
45,3
45,5
45,7
45,8
46,1
46,2
47,0
47,1
47,3
48,0
48,1
48,3
48,4
48,6
49,1
49,2
49,4
49,5
49,7
50,1
50,2
50,4
50,5
51,0
51,1
51,3
51,5
51,6
52,0
52,1
52,3
52,5
53,0
53,2
53,3
53,5
54,0
54,2
54,4
54,5
55,0
55,1
55,3
55,5
56,0
56,2
56,3
56,5
56,6
57,1
57,3
57,4
57,6
58,0
58,2
58,4
58,5
59,0
59,1
59,3
60,0
60,1
60,3
60,4
61,1
61,2
61,4
61,6
61,7
62,0
62,1
62,3
62,5
62,6
62,8
62,9
62,11
62,12
62,14
62,16
62,17
63,0
63,1
63,3
64,0
64,1
64,3
64,4
64,6
65,0
65,2
65,4
66,0
66,2
66,3
67,0
67,2
67,3
67,5
67,6
67,8
68,1
68,2
68,4
68,5
69,0
69,1
69,3
69,5
69,6
70,1
70,2
70,4
70,6
71,0
71,2
71,3
71,5
71,6
72,0
72,2
72,3
72,5
72,6
73,0
73,2
73,3
73,5
73,6
74,0
74,1
74,3
74,5
74,6
74,8
75,0
75,2
75,4
75,5
76,1
76,2
76,4
76,5
77,0
77,2
77,3
78,1
78,2
78,4
78,6
78,7
78,9
78,10
79,0
79,2
79,3
79,5
79,6
80,1
80,2
80,4
80,6
81,0
81,2
81,3
81,5
82,0
82,1
82,3
82,4
82,6
83,0
83,2
83,4
83,5
83,7
83,8
83,10
84,1
84,2
84,4
84,5
84,7
84,8
84,10
84,12
84,13
84,15
84,16
84,18
84,20
84,21
84,23
84,24
84,26
84,28
84,29
84,31
84,32
84,34
84,35
84,37
84,39
85,0
85,2
85,3
85,5
86,0
86,1
86,3
86,4
87,0
87,1
87,3
88,1
88,2
89,0
89,1
89,3
90,0
90,1
90,3
90,4
90,6
90,7
91,1
91,3
91,4
91,6
91,7
91,9
92,1
92,2
92,4
93,0
93,2
93,3
94,0
94,2
94,3
95,0
95,1
95,3
95,5
95,6
96,0
96,1
96,3
96,5
96,6
97,1
97,2
97,4
98,0
98,2
99,0
99,1
99,3
100,0
100,2
100,4
101,0
101,2
101,3
102,1
102,2
102,4
103,1
103,2
103,4
104,0
104,2
104,4
105,0
105,2
105,3
106,0
106,1
106,3
107,1
107,2
108,0
108,1
108,3
109,0
109,1
109,3
109,4
110,1
110,3
110,4
111,1
111,2
111,4
112,0
112,2
112,4
113,0
113,2
113,3
114,0
114,2
114,3
114,5
115,0
115,2
115,3
115,5
115,7
116,0
116,2
116,3
116,5
117,0
117,1
117,3
117,4
118,0
118,1
118,3
118,5
118,6
118,8
118,9
118,11
119,1
119,2
119,4
119,5
119,7
119,8
120,0
120,2
120,3
120,5
120,6
120,8
121,0
121,1
121,3
121,4
121,6
121,8
121,9
122,1
122,2
122,4
122,5
122,7
122,9
122,10
123,0
123,1
123,3
123,5
123,6
123,8
123,9
123,11
123,12
124,1
124,3
124,4
125,1
125,2
125,4
125,6
126,0
126,2
126,3
127,1
127,2
127,4
128,0
128,1
128,3
128,4
128,6
129,0
129,1
129,3
129,4
130,1
130,3
130,4
130,6
130,7
131,1
131,2
131,4
132,0
132,1
132,3
132,4
133,0
133,2
133,3
133,5
133,6
134,1
134,2
134,4
135,0
135,1
135,3
135,4
136,1
136,3
136,4
136,6
137,0
137,2
137,3
137,5
138,1
138,2
138,4
139,0
139,2
139,4
139,5
140,1
140,2
140,4
141,0
141,1
141,3
142,0
142,2
142,3
142,5
143,1
143,2
143,4
143,5
144,1
144,3
144,4
145,0
145,1
145,3
145,4
146,0
146,2
146,3
147,0
147,1
147,3
148,1
148,2
148,4
148,5
148,7
148,8
148,10
148,12
149,0
149,2
149,3
149,5
150,1
150,2
150,4
150,5
151,1
151,2
152,0
152,2
152,3
153,1
153,2
154,0
154,2
154,3
155,0
155,1
155,3
156,0
156,1
156,3
156,4
156,6
157,0
157,2
157,4
157,5
158,0
158,1
158,3
158,5
159,0
159,2
159,3
160,0
160,1
160,3
160,5
160,6
160,8
160,9
160,11
160,13
160,14
161,0
161,1
161,3
161,4
161,6
162,0
162,1
162,3
162,4
163,0
163,2
163,3
163,5
163,6
164,0
164,2
164,3
164,5
165,0
165,2
165,3
166,0
166,2
166,3
166,5
166,6
167,1
167,3
168,0
168,2
168,3
169,1
169,2
169,4
169,6
169,7
169,9
170,0
170,2
170,4
170,5
171,1
171,2
171,4
171,5
172,0
172,2
172,3
173,1
173,2
173,4
174,0
174,1
174,3
174,4
174,6
174,7
175,1
175,3
175,4
176,0
176,1
176,3
177,1
177,2
177,4
177,5
177,7
178,1
178,2
178,4
178,5
179,0
179,1
179,3
180,0
180,1
180,3
180,4
180,6
181,1
181,2
181,4
181,5
182,0
182,1
182,3
183,0
183,1
183,3
183,4
183,6
184,0
184,1
184,3
184,4
185,0
185,1
185,3
185,5
185,6
186,0
186,1
186,3
187,0
187,1
187,3
187,4
188,0
188,2
188,3
189,0
189,1
189,3
189,4
189,6
190,1
190,2
190,4
190,5
191,0
191,2
191,3
191,5
191,6
192,1
192,2
192,4
193,1
193,2
193,4
193,5
194,0
194,2
194,3
195,0
195,1
195,3
195,4
196,0
196,2
196,3
196,5
197,0
197,2
197,4
198,0
198,2
198,3
198,5
199,0
199,2
199,4
200,0
200,2
200,3
200,5
201,1
201,2
201,4
202,0
202,2
202,4
203,0
203,2
203,3
203,5
203,6
204,0
204,2
204,3
204,5
204,6
205,1
205,3
206,0
206,2
206,3
206,5
207,0
207,2
207,4
207,5
208,1
208,2
209,0
209,2
209,3
210,0
210,1
210,3
210,4
211,1
211,3
211,4
212,1
212,2
212,4
213,1
213,2
213,4
214,0
214,2
214,4
215,0
215,2
215,3
215,5
216,0
216,2
216,4
216,5
216,7
217,0
217,2
217,4
218,0
218,2
218,3
219,1
219,2
219,4
220,1
220,2
220,4
220,5
221,1
221,3
221,4
221,6
222,0
222,2
222,3
223,0
223,2
223,3
224,0
224,1
224,3
224,5
224,6
225,1
225,2
225,4
226,0
226,1
226,3
226,4
227,0
227,1
227,3
227,5
227,6
228,1
228,2
228,4
229,0
229,1
229,3
229,4
229,6
230,0
230,2
230,4
231,0
231,2
231,3
231,5
232,0
232,1
232,3
232,4
233,0
233,1
233,3
233,5
233,6
234,1
234,2
234,4
235,0
235,1
235,3
235,4
236,0
236,1
236,3
236,5
236,6
236,8
236,9
237,1
237,3
237,4
238,1
238,2
238,4
239,0
239,1
239,3
239,4
240,1
240,2
240,4
241,0
241,1
241,3
241,4
242,1
242,3
242,4
242,6
242,7
243,0
243,1
243,3
243,5
244,0
244,2
244,3
245,0
245,2
245,3
246,0
246,1
246,3
246,4
247,1
247,3
247,4
247,6
248,0
248,2
248,4
249,0
249,2
249,3
250,0
250,2
250,3
251,0
251,1
251,3
251,4
252,1
252,3
252,4
253,1
253,2
253,4
254,1
254,2
254,4
255,0
255,2
255,3
256,0
256,2
256,3
257,0
257,1
257,3
258,0
258,1
258,3
258,4
259,1
259,2
259,4
260,1
260,2
260,4
261,0
261,2
261,4
261,5
262,1
262,2
262,4
263,0
263,2
263,4
263,5
264,1
264,2
264,4
265,1
265,2
265,4
266,0
266,2
266,4
267,0
267,2
267,3
267,5
268,0
268,2
268,4
268,5
268,7
268,8
269,1
269,3
269,4
269,6
269,7
270,1
270,2
270,4
270,6
270,7
271,1
271,2
271,4
272,0
272,1
272,3
272,4
272,6
273,0
273,2
273,4
273,5
274,0
274,1
274,3
275,0
275,1
275,3
275,4
275,6
276,0
276,1
276,3
276,4
277,0
277,1
277,3
278,1
278,2
279,0
279,1
279,3
280,0
280,1
280,3
280,4
280,6
280,7
281,1
281,3
281,4
281,6
281,7
282,1
282,3
282,4
282,6
282,7
283,1
283,2
283,4
284,1
284,2
284,4
285,0
285,2
285,4
285,5
286,0
286,1
286,3
286,4
287,1
287,3
287,4
288,0
288,1
288,3
289,0
289,1
289,3
289,4
290,0
290,2
290,3
291,0
291,1
291,3
291,4
292,1
292,3
292,4
293,0
293,1
293,3
293,5
294,0
294,2
294,3
294,5
295,0
295,2
295,4
295,5
296,0
296,1
296,3
296,5
296,6
297,1
297,2
297,4
297,5
298,1
298,3
298,4
299,1
299,2
299,4
300,1
300,2
300,4
300,5
301,0
301,2
301,3
301,5
301,6
301,8
301,9
302,1
302,3
302,4
302,6
303,0
303,2
303,4
303,5
304,0
304,1
304,3
304,4
304,6
305,1
305,2
305,4
305,5
306,0
306,2
306,3
307,0
307,1
307,3
307,4
307,6
308,0
308,1
308,3
308,4
308,6
309,1
309,2
309,4
310,0
310,2
310,4
310,5
311,0
311,1
311,3
311,4
312,1
312,3
312,4
313,1
313,2
313,4
314,0
314,1
314,3
315,0
315,2
315,3
463,0
463,3
316,1
316,2
316,3
316,5
316,6
463,4
316,8
463,5
463,6
317,1
317,2
317,4
317,5
318,1
318,2
318,4
319,1
319,2
319,4
320,0
320,2
463,41
463,47
320,3
320,4
321,1
321,2
321,4
322,1
322,2
322,4
322,5
323,1
323,3
323,4
323,6
323,7
324,1
324,2
324,4
325,0
325,1
325,3
325,4
326,0
326,2
326,3
326,5
326,6
327,1
327,2
327,4
327,6
328,0
328,2
328,3
329,0
329,2
329,3
330,0
330,1
330,3
330,4
330,6
331,1
331,2
331,4
332,0
332,2
332,4
332,5
332,7
333,0
333,2
333,4
334,0
334,2
334,3
334,5
335,0
335,2
335,4
336,0
336,2
336,3
337,0
337,2
337,3
337,5
337,6
338,0
338,1
338,3
338,5
339,0
339,2
339,3
340,0
340,2
340,3
340,5
340,6
341,1
341,2
341,4
341,6
341,7
342,0
342,1
342,3
342,5
343,0
343,2
343,3
344,0
344,1
344,3
344,5
345,0
345,2
345,3
346,0
346,2
346,3
346,5
347,0
347,2
347,4
348,0
348,2
348,3
349,0
349,1
349,3
350,0
350,1
350,3
350,4
350,6
351,0
351,1
351,3
351,4
352,0
352,1
352,3
352,5
352,6
353,1
353,2
353,4
354,0
354,1
354,3
354,4
354,6
355,0
355,2
355,4
355,5
356,1
356,2
356,4
356,6
357,0
357,2
357,3
357,5
358,1
358,2
358,4
359,0
359,2
359,3
360,1
360,3
360,4
360,6
361,0
361,2
361,4
361,5
362,1
362,2
362,4
363,0
363,2
363,4
364,0
364,2
364,3
364,5
365,1
365,2
365,4
365,5
366,1
366,2
366,4
367,1
367,2
367,4
368,0
368,2
368,4
368,5
369,1
369,2
370,0
370,1
370,3
371,0
371,1
371,3
371,4
371,6
372,1
372,2
372,4
372,5
373,0
373,2
373,3
373,5
374,0
374,2
374,3
374,5
375,0
375,1
375,3
375,4
375,6
375,8
376,0
376,2
376,3
376,5
376,6
377,1
377,3
377,4
378,0
378,1
378,3
378,5
379,0
379,2
379,3
380,0
380,1
380,3
380,5
381,0
381,2
381,3
382,0
382,2
382,3
383,0
383,1
383,3
383,5
383,6
384,1
384,2
384,4
384,5
385,1
385,3
385,4
386,1
386,2
386,4
387,0
387,1
387,3
387,4
387,6
387,7
388,0
388,2
388,3
389,0
389,1
389,3
389,5
389,6
390,1
390,2
390,4
390,5
391,1
391,3
391,4
392,1
392,2
392,4
393,4
393,5
393,7
394,2
395,4
396,4
397,2
397,5
397,6
398,4
399,2
400,2
401,2
401,4
401,6
401,7
402,4
403,4
403,5
404,1
404,2
404,4
405,0
405,2
405,4
405,5
407,4
407,5
408,2
410,2
411,2
413,2
414,2
416,2
417,2
419,0
419,2
419,3
420,0
420,1
420,3
420,5
421,0
421,2
421,3
422,1
422,2
422,4
422,6
422,7
423,1
423,2
424,0
424,2
424,3
425,1
425,2
425,4
425,6
426,0
426,2
426,3
426,5
426,6
427,1
427,3
427,4
428,1
428,2
428,4
428,6
429,0
429,2
429,3
429,5
430,0
430,2
430,4
430,5
431,1
431,2
431,4
432,0
432,1
432,3
433,0
433,2
433,3
434,0
434,2
434,3
434,5
435,0
435,2
435,4
435,5
435,7
436,0
436,2
436,4
436,5
437,1
437,2
437,4
437,5
438,1
438,3
439,0
439,2
439,3
439,5
440,1
440,2
440,4
440,5
441,1
441,2
441,4
442,0
442,1
442,3
442,4
443,0
443,2
443,3
443,5
444,0
444,2
444,3
444,5
445,1
445,2
445,4
446,0
446,2
446,4
447,0
447,2
447,3
447,5
448,0
448,2
448,4
448,5
449,1
449,2
449,4
450,0
450,1
450,3
450,4
451,1
451,3
452,0
452,2
452,3
452,5
452,6
453,0
453,2
453,3
454,0
454,1
454,3
455,0
455,1
455,3
455,4
456,1
456,2
456,4
457,1
457,2
457,4
457,5
458,1
458,3
458,4
459,1
459,2
459,4
460,0
460,2
460,4
461,0
461,2
461,3
462,0
462,2
462,3
463,2
463,8
463,10
463,12
463,13
463,16
463,17
463,19
463,20
463,22
463,24
463,25
463,27
463,28
463,30
463,32
463,33
463,35
463,36
463,38
463,39
463,42
463,45
463,46
463,49
463,50
464,1
464,3
464,4
465,1
465,2
465,4
465,5
466,0
466,2
466,3
466,1
465,6
465,3
465,0
464,2
464,0
463,48
463,44
463,40
463,37
463,34
463,31
463,29
463,26
463,23
463,21
463,18
463,14
463,11
463,9
462,4
462,1
461,4
461,1
460,3
460,1
459,3
459,0
458,2
458,0
457,3
457,0
456,3
456,0
455,2
454,4
454,2
453,4
453,1
452,7
452,4
452,1
451,2
451,0
450,2
449,5
449,3
449,0
448,3
448,1
447,4
447,1
446,3
446,1
445,3
445,0
444,4
444,1
443,4
443,1
442,5
442,2
441,5
441,3
441,0
440,3
440,0
439,4
439,1
438,2
438,0
437,3
437,0
436,3
436,1
435,6
435,3
435,1
434,4
434,1
433,4
433,1
432,2
431,5
431,3
431,0
430,3
430,1
429,4
429,1
428,5
428,3
428,0
427,2
427,0
426,4
426,1
425,5
425,3
425,0
424,1
423,3
423,0
422,5
422,3
422,0
421,1
420,4
420,2
419,4
419,1
418,2
415,2
412,2
409,2
407,6
407,2
405,3
405,1
404,3
404,0
403,2
402,2
401,5
400,4
399,4
398,2
397,4
396,2
395,2
393,6
393,2
392,3
392,0
391,2
391,0
390,3
390,0
389,4
389,2
388,4
388,1
387,8
387,5
387,2
386,5
386,3
386,0
385,2
385,0
384,3
384,0
383,4
383,2
382,4
382,1
381,4
381,1
380,4
380,2
379,4
379,1
378,4
378,2
377,5
377,2
377,0
376,4
376,1
375,7
375,5
375,2
374,6
374,4
374,1
373,4
373,1
372,6
372,3
372,0
371,5
371,2
370,4
370,2
369,3
369,0
368,3
368,1
367,3
367,0
366,3
366,0
365,3
365,0
364,4
364,1
363,3
363,1
362,3
362,0
361,3
361,1
360,5
360,2
360,0
359,1
358,3
358,0
357,4
357,1
356,5
356,3
356,0
355,3
355,1
354,5
354,2
353,5
353,3
353,0
352,4
352,2
351,5
351,2
350,7
350,5
350,2
349,4
349,2
348,4
348,1
347,3
347,1
346,4
346,1
345,4
345,1
344,4
344,2
343,4
343,1
342,4
342,2
341,8
341,5
341,3
341,0
340,4
340,1
339,4
339,1
338,4
338,2
337,7
337,4
337,1
336,4
336,1
335,3
335,1
334,4
334,1
333,3
333,1
332,6
332,3
332,1
331,3
331,0
330,5
330,2
329,4
329,1
328,4
328,1
327,5
327,3
327,0
326,4
326,1
325,5
325,2
324,5
324,3
324,0
323,5
323,2
323,0
322,3
322,0
321,3
321,0
463,15
463,43
320,1
319,3
319,0
318,3
318,0
317,3
463,7
317,0
316,7
463,51
316,4
463,1
316,0
315,4
315,1
314,2
313,5
313,3
313,0
312,2
312,0
311,2
310,6
310,3
310,1
309,3
309,0
308,5
308,2
307,7
307,5
307,2
306,4
306,1
305,6
305,3
305,0
304,5
304,2
303,6
303,3
303,1
302,5
302,2
302,0
301,7
301,4
301,1
300,6
300,3
300,0
299,3
299,0
298,2
298,0
297,3
297,0
296,4
296,2
295,6
295,3
295,1
294,4
294,1
293,4
293,2
292,5
292,2
292,0
291,2
290,4
290,1
289,5
289,2
288,4
288,2
287,5
287,2
287,0
286,2
285,6
285,3
285,1
284,3
284,0
283,3
283,0
282,5
282,2
282,0
281,5
281,2
281,0
280,5
280,2
279,4
279,2
278,3
278,0
277,2
276,5
276,2
275,7
275,5
275,2
274,4
274,2
273,6
273,3
273,1
272,5
272,2
271,5
271,3
271,0
270,5
270,3
270,0
269,5
269,2
269,0
268,6
268,3
268,1
267,4
267,1
266,3
266,1
265,3
265,0
264,3
264,0
263,3
263,1
262,3
262,0
261,3
261,1
260,3
260,0
259,3
259,0
258,2
257,4
257,2
256,4
256,1
255,4
255,1
254,3
254,0
253,3
253,0
252,2
252,0
251,2
250,4
250,1
249,4
249,1
248,3
248,1
247,5
247,2
247,0
246,2
245,4
245,1
244,4
244,1
243,4
243,2
242,8
242,5
242,2
242,0
241,2
240,5
240,3
240,0
239,2
238,5
238,3
238,0
237,2
237,0
236,7
236,4
236,2
235,5
235,2
234,5
234,3
234,0
233,4
233,2
232,5
232,2
231,6
231,4
231,1
230,3
230,1
229,5
229,2
228,5
228,3
228,0
227,4
227,2
226,5
226,2
225,5
225,3
225,0
224,4
224,2
223,4
223,1
222,4
222,1
221,5
221,2
221,0
220,3
220,0
219,3
219,0
218,1
217,3
217,1
216,6
216,3
216,1
215,4
215,1
214,3
214,1
213,3
213,0
212,3
212,0
211,2
211,0
210,2
209,4
209,1
208,3
208,0
207,3
207,1
206,4
206,1
205,2
205,0
204,4
204,1
203,7
203,4
203,1
202,3
202,1
201,3
201,0
200,4
200,1
199,3
199,1
198,4
198,1
197,3
197,1
196,4
196,1
195,5
195,2
194,4
194,1
193,6
193,3
193,0
192,3
192,0
191,4
191,1
190,6
190,3
190,0
189,5
189,2
188,4
188,1
187,5
187,2
186,4
186,2
185,7
185,4
185,2
184,5
184,2
183,7
183,5
183,2
182,4
182,2
181,6
181,3
181,0
180,5
180,2
179,4
179,2
178,6
178,3
178,0
177,6
177,3
177,0
176,2
175,5
175,2
175,0
174,5
174,2
173,5
173,3
173,0
172,1
171,6
171,3
171,0
170,3
170,1
169,8
169,5
169,3
169,0
168,1
167,2
167,0
166,4
166,1
165,4
165,1
164,4
164,1
163,7
163,4
163,1
162,5
162,2
161,7
161,5
161,2
160,15
160,12
160,10
160,7
160,4
160,2
159,4
159,1
158,4
158,2
157,6
157,3
157,1
156,5
156,2
155,4
155,2
154,4
154,1
153,3
153,0
152,1
151,3
151,0
150,3
150,0
149,4
149,1
148,11
148,9
148,6
148,3
148,0
147,2
146,4
146,1
145,5
145,2
144,5
144,2
144,0
143,3
143,0
142,4
142,1
141,2
140,5
140,3
140,0
139,3
139,1
138,3
138,0
137,4
137,1
136,5
136,2
136,0
135,2
134,5
134,3
134,0
133,4
133,1
132,5
132,2
131,5
131,3
131,0
130,5
130,2
130,0
129,2
128,7
128,5
128,2
127,5
127,3
127,0
126,1
125,5
125,3
125,0
124,2
124,0
123,10
123,7
123,4
123,2
122,11
122,8
122,6
122,3
122,0
121,7
121,5
121,2
120,9
120,7
120,4
120,1
119,9
119,6
119,3
119,0
118,10
118,7
118,4
118,2
117,5
117,2
116,6
116,4
116,1
115,6
115,4
115,1
114,4
114,1
113,4
113,1
112,3
112,1
111,3
111,0
110,2
110,0
109,2
108,4
108,2
107,3
107,0
106,2
105,4
105,1
104,3
104,1
103,3
103,0
102,3
102,0
101,1
100,3
100,1
99,2
98,3
98,1
97,3
97,0
96,4
96,2
95,7
95,4
95,2
94,4
94,1
93,4
93,1
92,3
92,0
91,8
91,5
91,2
91,0
90,5
90,2
89,4
89,2
88,3
88,0
87,2
86,5
86,2
85,6
85,4
85,1
84,38
84,36
84,33
84,30
84,27
84,25
84,22
84,19
84,17
84,14
84,11
84,9
84,6
84,3
84,0
83,9
83,6
83,3
83,1
82,5
82,2
81,6
81,4
81,1
80,5
80,3
80,0
79,4
79,1
78,11
78,8
78,5
78,3
78,0
77,1
76,6
76,3
76,0
75,3
75,1
74,7
74,4
74,2
73,7
73,4
73,1
72,7
72,4
72,1
71,7
71,4
71,1
70,5
70,3
70,0
69,4
69,2
68,6
68,3
68,0
67,7
67,4
67,1
66,4
66,1
65,3
65,1
64,5
64,2
63,4
63,2
62,18
62,15
62,13
62,10
62,7
62,4
62,2
61,8
61,5
61,3
61,0
60,2
59,4
59,2
58,6
58,3
58,1
57,5
57,2
57,0
56,4
56,1
55,4
55,2
54,6
54,3
54,1
53,4
53,1
52,4
52,2
51,7
51,4
51,2
50,6
50,3
50,0
49,6
49,3
49,0
48,5
48,2
47,4
47,2
46,3
46,0
45,6
45,4
45,1
44,3
44,1
43,14
43,11
43,8
43,6
43,3
43,0
42,4
42,1
41,4
41,1
40,5
40,2
39,4
39,2
38,4
38,1
37,4
37,2
36,9
36,6
36,4
36,1
35,6
35,4
35,1
34,4
34,1
33,7
33,4
33,1
32,8
32,5
32,2
31,4
31,2
30,6
30,3
30,1
29,3
29,0
28,5
28,3
28,0
27,23
27,21
27,18
27,15
27,13
27,10
27,7
27,4
27,2
26,21
26,18
26,16
26,13
26,10
26,7
26,5
26,2
25,23
25,21
25,18
25,15
25,12
25,10
25,7
25,4
25,2
24,9
24,6
24,3
24,1
3,6
3,3
3,1
2,112
2,109
2,107
2,104
2,101
2,98
2,96
2,93
2,90
2,88
2,85
2,82
2,79
2,77
2,74
2,71
2,69
2,66
2,35
2,32
2,30
2,27
2,24
2,22
2,19
2,16
2,14
2,11
2,8
2,5
2,2
2,0
4,3
1,5
1,3
1,0
0,508
0,503
0,487
0,478
0,476
0,468
0,460
0,456
0,451
0,447
0,441
0,428
0,421
0,412
0,277
0,369
0,276
0,348
0,275
0,461
0,274
0,429
0,273
0,368
0,272
0,271
0,405
0,270
0,484
0,269
0,320
0,268
0,459
0,267
0,392
0,266
0,352
0,265
0,475
0,264
0,351
0,263
0,346
0,262
0,341
0,261
0,433
0,260
0,427
0,259
0,340
0,258
0,425
0,257
0,492
0,256
0,364
0,255
0,391
0,254
0,395
0,253
0,440
0,252
0,432
0,251
0,342
0,250
0,336
0,249
0,388
0,248
0,439
0,247
0,357
0,246
0,338
0,245
0,339
0,244
0,334
0,242
0,481
0,241
0,301
0,240
0,331
0,239
0,413
0,238
0,329
0,237
0,495
0,236
0,496
0,235
0,234
0,233
0,363
0,232
0,387
0,231
0,230
0,396
0,229
0,402
0,228
0,485
0,227
0,365
0,226
0,358
0,225
0,414
0,224
0,394
0,223
0,377
0,222
0,319
0,221
0,362
0,220
0,219
0,325
0,218
0,386
0,217
0,403
0,216
0,318
0,215
0,337
0,214
0,353
0,213
0,330
0,212
0,472
0,211
0,314
0,210
0,438
0,209
0,356
0,208
0,430
0,207
0,401
0,206
0,205
0,390
0,204
0,203
0,321
0,202
0,426
0,201
0,350
0,200
0,332
0,199
0,473
0,198
0,360
0,197
0,494
0,196
0,349
0,195
0,327
0,194
0,385
0,193
0,313
0,192
0,416
0,63
0,335
0,62
0,312
0,61
0,375
0,60
0,59
0,491
0,58
0,326
0,57
0,400
0,56
0,465
0,55
0,442
0,54
0,462
0,53
0,328
0,52
0,489
0,51
0,324
0,50
0,509
0,49
0,48
0,486
0,47
0,371
0,46
0,409
0,45
0,505
0,6
0,5
0,1
0,434
0,11
0,4
0,2
0,3
0,7
